p_stress_mean: 0.4826132640487944
p_stress_p90: 0.7652445728194401
high_state_pct: 35.714285714285715
mean_hr: 76.50395356803791
rmssd_median: 15.909020002851165
rmssd_p10: 13.313106262545723
